43.64
42.964
44.121
44.608
44.86
44.835
45.095
45.374
44.531
44.531
43.825
43.997
44.121
44.72
45.322
45.818
46.028
45.61
45.724
45.74
45.924
46.298
45.767
46.385
46.246
46.534
46.664
46.977
46.193
46.349
46.15
46.62
46.674
46.779
47.275
47.675
47.659
47.188
46.865
46.934
46.203
46.56
46.551
46.838
46.786
46.427
46.316
45.846
46.829
45.593
45.315
44.869
44.331
44.356
44.662
44.956
44.947
44.625
44.034
43.72
43.867
43.433
43.903
42.806
42.884
43.051
42.72
42.047
41.874
42.037
41.916
41.82
41.68
41.377
41.211
40.783
41.177
41.725
41.759
41.943
41.924
42.491
41.592
41.584
41.09
41.552
41.795
41.69
41.202
40.783
41.447
41.916
41.114
41.577
41.639
41.316
41.114
41.151
40.985
40.611
40.105
40.34
40.749
40.889
40.202
40.391
40.68
41.184
40.994
40.436
39.879
38.823
38.677
39.095
37.969
38.536
38.508
38.964
37.124
37.397
35.784
37.196
39.268
38.431
37.604
37.587
38.476
38.275
34.694
35.968
36.115
34.598
33.972
32.23
30.793
30.13
28.257
27.647
31.08
30.88
27.935
29.017
28.556
30.201
28.912
26.803
26.97
25.794
24.556
27.178
27.621
28.929
29.345
29.182
30.756
29.136
27.231
28.58
28.283
27.551
26.045
27.874
26.429
26.133
25.89
24.503
22.883
24.243
26.01
26.045
26.691
26.778
24.513
25.699
25.982
25.513
25.94
26.987
26.665
27.395
27.116
27.283
27.135
28.676
28.528
27.51
27.542
27.126
26.76
26.961
27.161
26.995
27.804
28.241
28.86
28.728
29.095
28.293
28.312
27.578
26.943
26.674
25.776
25.904
26.116
24.362
25.444
24.852
24.965
25.279
25.68
26.602
25.49
25.027
24.991
25.498
25.559
25.853
26.551
26.57
25.349
25.513
25.568
25.245
24.042
23.877
23.686
23.387
22.623
23.45
23.057
22.848
22.597
21.334
21.246
22.1
21.21
21.168
20.846
22.16
22.257
23.013
23.146
23.268
23.971
24.487
24.338
23.946
25.776
25.079
25.401
25.959
25.173
24.217
24.677
25.262
26.272
26.498
26.228
25.636
25.897
26.787
27.187
26.82
26.97
27.353
27.283
26.166
26.691
26.498
26.995
27.542
27.056
26.987
27.612
27.833
27.987
29.277
29.059
29.677
29.216
30.166
29.451
29.599
28.659
28.938
28.728
29.722
29.844
29.931
29.539
29.626
30.272
29.765
30.157
30.749
31.456
31.48
30.87
31.142
30.966
30.925
31.238
31.193
31.595
31.55
30.549
30.157
30.036
30.115
30.281
29.373
29.25
29.391
30.166
30.07
30.288
30.044
30.453
29.53
29.503
28.912
28.833
29.086
28.843
29.328
29.564
30.618
30.87
30.87
31.473
31.612
31.499
32.273
32.412
32.499
32.309
32.066
32.702
32.874
33.659
33.58
33.484
33.259
33.511
33.259
32.962
33.337
33.727
33.423
32.361
32.735
33.101
33.423
34.094
34.094
34.241
34.129
34.241
34.241
33.851
33.136
33.163
33.433
33.903
34.444
34.782
35.174
35.131
35.21
35.347
35.993
35.888
35.933
35.627
36.047
35.627
35.245
35.062
35.515
35.54
35.496
34.573
34.294
34.843
35.435
35.549
36.01
36.055
36.047
36.072
36.812
36.952
36.612
37.012
36.779
36.612
36.985
36.351
35.95
35.775
34.741
35.775
34.538
34.921
34.88
35.34
35.888
35.958
36.935
36.829
36.976
36.481
36.848
37.456
37.352
37.378
36.604
36.481
37.047
36.89
37.256
36.369
36.403
37.186
37.36
37.056
37.222
37.056
36.533
36.428
36.691
36.779
37.021
36.725
36.96
36.369
36.465
36.674
36.655
36.864
37.012
37.012
37.116
36.899
36.839
37.597
37.91
37.9
37.719
37.954
38.196
37.719
38.032
38.11
37.735
38.171
37.343
36.637
35.793
36.175
35.958
35.958
35.347
34.888
35.531
36.106
35.801
34.505
34.399
34.137
34.834
34.825
35.165
35
35.732
35.819
36.001
35.871
35.923
35.523
35.688
35.452
35.644
36.142
36.272
36.498
36.385
37.116
37.082
37.029
37.178
37.368
37.5
37.397
37.77
38.049
37.814
37.5
37.648
37.892
37.43
37.414
37.614
38.007
38.049
37.9
38.44
38.693
38.78
38.5
38.613
38.92
38.988
38.896
39.452
39.304
38.623
38.554
38.988
38.763
38.799
39.138
38.92
37.824
37.9
38.449
37.814
38.268
37.004
36.29
35.105
34.625
36.543
36.29
36.839
36.498
35.671
35.688
35.062
34.958
33.529
34.216
33.633
33.555
33.301
34.756
34.269
33.798
34.843
34.843
33.476
33.014
33.52
33.407
34.513
34.634
34.634
35.54
35.531
35.574
35.523
35.636
35.165
34.782
34.216
34.444
34.154
33.074
32.754
32.953
32.822
33.242
34.173
34.538
34.748
34.573
35.113
35.245
35.28
34.303
34.522
34.871
34.269
35.27
35.54
35.862
35.95
35.688
35.801
35.811
36.822
36.744
36.794
36.699
36.655
36.822
36.655
35.226
35.122
35.087
35.27
35.661
35.723
35.158
34.871
34.694
34.19
34.19
34.069
34.756
34.208
34.276
35.33
35.74
36.055
35.593
35.871
36.115
36.194
36.812
36.935
37.012
36.935
36.786
37.43
37.29
37.196
36.872
37.735
37.604
37.684
37.719
37.64
37.978
37.597
38.494
38.667
38.476
38.789
38.818
38.77
39.251
39.311
39.2
39.304
38.5
39.058
39.026
39.122
39.251
39.112
38.849
39.051
39.048
39.104
39.477
39.695
40.592
40.515
40.358
40.026
40.129
39.939
39.53
39.495
38.66
38.745
39.599
39.67
39.486
38.554
39.076
38.719
38.5
38.196
39.181
39.852
40.061
39.999
39.896
39.975
40.138
40.192
40.478
40.541
40.156
40.348
40.436
40.375
40.33
40.409
40.391
40.384
40.453
40.601
40.644
40.777
41.081
41.037
41.037
40.776
40.627
40.531
40.662
41.325
41.298
41.611
41.741
41.421
41.151
41.238
41.499
41.482
41.662
41.768
40.801
41.213
42.047
41.959
42.037
41.995
42.187
42.413
42.212
42.012
42.194
42.23
42.222
42.561
42.849
41.741
41.601
41.648
42.161
42.495
41.908
42.1
42.788
42.43
41.986
42.334
42.319
41.394
41.508
41.141
40.487
39.495
40.113
40.583
41.289
41.342
41.377
41.829
41.611
41.49
41.829
42.179
42.121
42.448
42.569
42.605
42.822
42.656
42.728
42.536
42.161
42.301
42.351
42.31
41.708
42.055
42.797
43.092
43.004
43.433
43.876
44.026
44.155
44.094
43.736
43.363
42.753
42.901
43.188
43.519
42.893
43.051
42.369
42.212
42.319
42.664
42.849
42.388
41.601
41.725
41.89
42.319
42.536
43.289
42.301
42.448
42.212
41.662
41.87
41.473
41.913
41.119
41.16
41.655
40.732
40.635
40.733
40.889
41.586
41.27
40.989
40.653
40.98
41.49
42.036
42.533
43.103
42.972
42.848
43.235
42.857
41.782
41.526
42.028
41.674
41.94
41.384
42.036
42.17
42.901
42.98
42.726
42.787
41.861
41.674
41.562
41.191
40.238
40.353
38.105
38.238
35.594
37.452
35.708
37.329
37.647
38.536
37.94
38.176
36.449
35.753
35.946
37.153
37.303
36.641
37.083
38.133
38.151
38.502
38.238
37.328
36.679
37.719
37.162
36.052
36.034
36.334
36.766
37.373
37.462
36.846
36.766
35.708
34.236
34.561
35.277
35.946
35.232
35.716
34.484
33.494
34.139
34.835
35.646
35.338
36.688
36.651
37.224
37.145
37.85
36.985
37.709
37.145
37.083
37.94
38.518
37.833
38.388
39.957
39.825
38.389
37.224
37.894
38.687
38.3
38.574
38.986
37.232
37.55
38.415
37.957
38.061
37.418
36.712
36.766
35.849
35.778
34.942
34.773
36.069
36.211
37.944
37.825
37.809
38.176
38.102
38.317
37.283
37.997
37.153
36.66
36.267
36.492
36.446
35.999
37.185
37.159
37.497
37.756
37.693
37.159
37.604
37.586
38.309
38.3
38.149
37.854
37.987
38.326
38.46
38.478
38.166
38.488
39.083
39.413
39.485
39.638
39.52
39.885
39.841
39.885
39.566
39.646
40.152
40.34
40.912
40.742
40.894
41.009
41.018
40.501
40.946
40.75
40.652
41.152
41.267
41.347
41.259
41.437
41.642
41.464
41.855
41.602
41.918
41.657
41.437
40.349
40.847
41.473
41.535
41.454
42.13
41.953
42.239
42.32
42.497
42.186
41.989
41.624
41.819
42.372
42.239
41.998
41.766
42.07
42.506
42.078
41.366
41.339
40.982
40.198
40.617
41.339
40.705
40.803
41.392
41.259
41.045
41.196
40.705
40.912
41.392
41.587
41.739
41.587
41.793
41.605
41.249
40.554
40.689
40.233
39.841
39.939
39.788
39.209
38.789
38.469
37.863
37.676
38.353
38.264
38.112
38.032
37.87
38.407
37.685
37.728
36.785
36.891
37.158
38.153
38.206
38.242
37.764
38.309
38.024
38.381
38.828
38.86
39.395
39.44
38.43
38.693
37.989
38.206
38.549
38.487
39.643
39.878
40.265
39.906
39.453
39.363
39.101
39.145
38.828
39.398
39.345
39.554
39.841
40.057
39.488
38.864
38.52
38.594
39.453
40.256
40.238
39.968
39.922
39.544
40.501
40.727
41.052
41.052
41.152
41.223
41.133
41.152
41.098
41.55
41.559
41.541
41.566
41.559
41.233
41.386
41.287
41.287
41.243
40.798
41.08
40.961
40.89
41.802
42.245
41.927
42.227
42.407
43.147
43.446
43.228
43.167
43.192
42.995
42.97
42.851
42.461
42.189
42.652
42.189
42.417
42.526
42.507
42.877
42.931
42.706
42.182
42.046
42.208
42.135
42.417
42.931
43.267
43.147
42.488
42.688
41.992
41.974
42.182
42.036
41.974
42.534
42.182
42.218
42.352
41.793
41.36
41.324
41.369
41.162
40.636
40.682
40.827
41.621
41.631
41.766
42.417
42.326
42.092
42.39
42.658
42.643
42.579
42.588
42.796
42.914
42.986
43.077
43.3
43.393
43.147
43.157
43.473
43.483
43.319
43.672
43.292
43.185
43.068
43.123
42.796
43.446
44.315
44.125
44.315
44.134
43.917
44.069
44.539
44.523
44.532
44.496
44.441
44.748
44.81
44.928
44.865
44.945
45.227
45.073
45.363
45.218
45.082
45.489
44.847
45.147
45.171
44.993
45.236
45.163
45.335
45.434
45.343
45.271
45.606
45.128
44.711
45.147
44.305
44.568
45.1
45.037
45.082
45.181
45.597
45.714
45.842
45.995
46.105
45.887
45.86
46.113
46.095
45.698
45.542
45.86
45.363
45.724
45.462
45.759
45.706
45.86
45.525
45.832
45.444
45.625
45.452
45.642
45.85
46.447
46.674
46.491
45.416
46.095
45.29
45.1
45.534
45.706
46.157
46.374
46.628
46.555
46.989
47.159
46.782
47.061
47.577
47.64
47.821
48.225
47.909
48
47.982
48.282
48.462
48.192
48.58
48.716
48.824
48.344
48.046
47.821
47.965
47.65
47.812
46.983
47.151
46.979
46.259
46.591
47.079
47.024
46.491
46.266
46.934
46.509
47.009
47.315
46.509
45.108
45.245
44.486
45.017
45.444
45.876
45.756
46.051
45.885
45.859
46.142
46.36
46.7
46.745
47.778
47.624
47.835
47.726
47.898
48.083
48.108
48.284
48.337
48.145
48.274
48.192
47.935
47.844
47.853
48.521
48.667
48.594
48.31
48.108
48.502
48.486
48.447
48.694
48.567
48.045
47.98
47.589
47.643
47.186
47.605
47.906
47.679
46.882
46.929
47.011
46.754
47.222
47.634
47.726
47.88
48.476
48.925
49.096
48.851
49.016
49.363
49.481
50.49
50.352
50.03
49.911
49.811
49.729
49.902
49.691
49.345
49.748
49.729
49.383
49.645
49.226
48.732
48.815
49.811
50.113
50.27
50.003
50.506
50.991
51.276
51.311
51.697
51.302
51.495
51.55
51.588
51.769
51.578
51.293
51.284
51.522
51.193
51.468
50.691
51.193
51.21
51.065
51.376
51.633
52.007
51.953
51.816
51.495
51.833
52.063
51.908
51.851
51.998
52.09
51.788
51.532
51.385
51.148
51.751
51.833
51.734
51.138
50.781
50.763
51.167
50.964
51.794
51.729
51.96
52.301
52.467
52.679
52.844
52.947
53.169
52.412
52.383
52.218
52.495
52.476
52.432
52.771
52.264
52.725
52.947
52.901
52.716
52.854
52.927
52.457
51.211
50.945
51.322
50.778
51.193
50.705
49.626
50.096
50.058
50.889
51.48
51.415
52.117
52.2
52.422
52.634
52.836
52.513
52.753
52.79
53.159
53.001
52.937
53.233
53.343
52.614
53.491
53.446
53.795
53.613
53.427
53.131
53.057
52.31
52.143
52.725
53.077
52.577
52.697
52.577
52.513
52.918
52.743
52.891
53.26
53.647
54.036
54.165
54.054
53.657
53.279
53.463
54.073
53.039
52.634
52.993
52.984
53.628
53.79
53.916
54.117
53.962
53.998
53.603
53.76
54.11
54.284
54.256
54.229
54.229
53.982
54.191
54.156
54.211
54.663
54.737
54.607
54.265
54.478
54.542
54.127
54.571
54.718
54.893
55.171
55.069
55.374
55.374
55.466
55.595
55.485
55.845
56.14
56.177
56.213
55.918
55.715
55.845
55.825
55.861
56.324
56.453
56.471
56.425
56.039
56.175
56.23
56.343
56.381
56.812
56.924
57.204
56.943
56.474
56.709
56.324
56.353
56.689
56.568
56.868
56.147
56.709
56.568
56.838
56.969
56.998
56.755
56.838
56.588
56.614
55.567
55.333
55.726
55.071
55.024
54.659
55.193
55.39
55.37
55.688
55.951
55.961
56.363
56.588
56.605
56.755
56.558
56.905
56.969
57.063
56.895
56.998
56.96
57.157
56.969
57.214
56.812
56.511
56.689
56.511
56.23
56.183
56.539
56.372
56.727
56.558
56.099
55.743
56.089
55.184
55.567
55.248
55.109
54.387
54.172
54.481
54.761
53.93
54.817
53.583
52.769
52.404
52.479
52.105
51.955
52.685
53.059
53.846
53.434
54.032
54.341
54.19
54.875
54.631
55.042
55.772
55.539
55.276
55.502
55.444
55.576
55.697
55.884
55.706
55.79
55.865
55.781
56.193
56.099
56.062
56.548
56.689
56.662
56.886
56.539
56.183
56.427
56.578
56.447
56.503
55.977
55.8
54.959
54.996
54.07
53.479
53.321
54.225
55.407
55.556
55.886
55.867
55.971
56.198
56.074
55.706
55.207
55.075
53.99
53.433
54.131
54.98
54.641
54.33
54.367
54.112
53.99
54.621
54.744
55.131
55.782
55.452
55.829
55.442
54.688
55.226
54.48
55.188
56.048
55.716
56.32
55.849
55.651
56.123
55.979
56.68
57.038
57.085
57.199
57.19
57.575
57.424
57.688
57.716
57.622
57.481
57.707
57.406
57.141
57.199
56.424
56.5
55.472
55.5
56.15
55.791
56.462
56.405
57.32
56.83
57.679
57.736
57.565
56.962
56.68
56.736
57.228
56.641
56.812
57.151
57.622
57.528
57.896
58.123
58.379
58.067
58.284
58.6
58.689
57.962
58.274
58.444
58.699
58.915
59.123
59.105
59.217
58.877
58.264
58.794
58.925
58.179
58.018
58.028
58.952
58.604
58.483
58.633
59.256
59.369
59.321
59.217
59.208
59.444
59.208
58.406
58.83
58.728
58.264
58.227
58.321
58.528
57.962
57.613
57.386
57.245
58.094
58.264
57.858
57.557
57.698
57.736
58.311
57.962
58.662
58.794
58.379
58.204
58.147
56.668
56.762
57.107
57.144
56.466
56.523
55.378
55.836
57.021
57.459
57.812
57.66
58.081
58.041
58.051
57.908
57.592
57.307
56.695
56.17
56.838
57.192
57.153
57.23
57.048
56.992
57.23
56.848
56.753
57.497
56.734
56.532
56.476
56.608
56.628
56.362
55.836
54.604
53.048
51.042
50.948
52.675
53.803
53.755
53.334
51.588
52.495
52.599
51.606
52.972
52.455
52.809
52.914
52.657
53.181
53.927
53.85
52.752
52.905
51.97
51.731
51.549
51.683
50.461
50.441
51.501
51.616
52.505
53.507
53.459
54.051
54.527
54.623
54.566
54.013
54.07
54.959
55.053
54.89
54.796
54.499
55.292
55.874
55.655
55.349
55.846
55.664
55.444
56.074
56.246
56.037
55.922
55.741
55.139
55.187
55.092
54.423
53.85
54.585
54.604
55.245
55.388
55.512
55.292
55.339
55.388
55.302
55.149
55.693
55.129
54.518
55.302
54.823
54.279
53.994
53.955
52.914
53.104
53.629
54.566
53.812
53.048
53.461
53.877
54.65
54.582
54.418
54.925
54.528
53.987
53.029
53.074
52.275
51.057
50.467
50.525
50.854
49.819
50.544
49.113
49.402
48.61
48.88
50.118
49.374
50.197
49.789
50.051
51.144
51.027
49.944
50.331
50.476
49.635
48.823
48.552
48.542
47.894
48.735
49.712
50.612
50.399
50.312
51.018
50.264
50.341
50.882
50.756
50.486
51.743
52.053
52.44
52.769
52.807
52.237
52.517
52.488
53.542
53.426
53.079
53.581
54.055
54.161
54.161
54.093
53.533
53.416
53.581
54.143
54.48
54.219
54.18
53.987
53.213
53.851
53.166
53.726
53.707
54.383
55.041
55.118
55.032
55.428
55.951
55.902
55.631
55.622
55.419
55.612
55.708
55.186
54.925
55.283
54.49
53.978
53.987
54.143
54.016
54.791
54.383
54.355
53.774
54.423
54.006
53.939
53.688
54.065
53.929
54.645
55.1
55.206
55.263
55.148
55.206
55.303
55.457
55.795
56.018
56.231
55.825
54.848
54.267
53.9
54.046
54.103
54.249
55.012
55.273
55.189
56.237
53.209
52.22
53.361
54.366
55.101
55.219
54.532
54.62
54.493
55.327
55.787
56.345
56.326
56.679
56.561
56.727
56.463
56.786
56.619
56.796
56.649
56.747
56.825
56.855
57.178
56.992
56.639
56.698
56.904
57.266
57.354
57.678
57.649
58.031
57.923
58.178
57.933
57.991
58.198
57.982
57.913
58.031
57.815
57.697
57.453
57.707
57.599
57.374
57.58
58.031
58.432
58.403
58.266
56.914
57.551
56.531
56.483
57.08
56.669
56.816
57.022
57.923
58.374
57.943
57.423
57.747
58.119
57.521
57.913
57.795
57.561
57.903
57.815
57.58
57.855
57.05
57.05
56.816
56.835
56.679
57.178
57.384
57.286
57.266
57.443
57.354
57.095
56.972
56.777
56.806
56.453
56.042
55.884
55.601
56.737
57.05
57.198
57.07
56.757
56.6
57.09
56.855
57.13
56.855
57.296
57.531
57.394
57.609
57.394
57.541
57.394
57.12
57.218
57.609
57.923
58.717
58.825
59.099
58.913
59.383
58.668
58.756
58.638
58.707
58.913
58.767
58.669
58.708
58.787
58.5
58.609
58.52
58.975
59.479
59.712
59.717
59.578
59.578
59.905
59.875
60.033
59.845
59.747
59.578
59.826
59.836
60.182
60.755
60.637
60.518
60.132
60.221
60.251
60.33
60.676
60.449
60.399
60.558
60.805
61.052
61.339
61.467
61.764
61.774
61.734
62.001
62.021
62.051
61.893
61.932
61.734
62.496
62.091
62.259
62.071
61.922
61.715
61.754
62.091
62.328
61.972
62.714
62.842
62.812
62.822
62.219
62.338
62.367
62.387
62.437
62.714
62.743
62.714
62.565
62.555
62.575
62.387
62.466
62.407
62.387
62.466
62.318
61.903
62.387
62.081
61.922
62.417
62.328
63.277
63.703
63.574
63.594
63.574
63.742
63.93
63.742
63.881
64.306
64.177
64.158
64.306
64.217
64.296
64.652
64.771
63.792
63.871
64.533
64.791
64.82
64.949
65.147
65.107
65.077
64.978
65.513
65.878
65.809
65.641
65.681
65.73
65.503
65.384
65.75
65.661
65.305
65.542
65.928
65.41
65.44
65.43
65.54
65.7
65.42
65.93
65.33
65.49
65.57
65.58
65.09
65.34
65.5
65.6
66.18
66.33
66.72
66.64
66.76
67.1
67.2
67.11
67.06
67.2
67.4
67.27
67.2
67.22
67.5
67.54
67.4
67.53
67.59
67.4
67.32
66.34
66.35
66.94
66.85
67.16
66.28
66.32
66.4
66.94
66.83
66.79
67.05
66.99
66.94
67.14
67.55
67.71
67.19
67.5
67.76
67.69
68.31
68.59
68.41
68.44
68.57
68.7
68.84
68.87
68.68
68.69
68.33
68.26
68.36
68.44
68.82
68.9
69.17
69.22
69.48
69.35
69.27
69.66
69.84
69.83
70
70.07
70
70.11
70.05
70.32
69.98
70.02
69.77
69.75
70.19
70.08
70.3
70.42
70.52
70.59
70.79
70.7
70.84
70.5
70.38

